2 10.2 9.8 10.3 10.9 11.7 NA 13.1 NA NA 11.3 NA 11.8 12.8 NA NA 11.4 12.1 NA 12.8 NA NA 11.4
2 10.1 9.4 9.1 NA 8.9 9.1 9.1 9.3 9.1 9.1 9.4 9.3 8.7 10.7 9.8 10.2 9.4 NA NA 12.2 NA 11.6
2 9.9 10 10.2 10.4 10.9 NA 11.5 NA NA 14 NA NA 13.4 NA NA 12.8 NA NA 12.5 NA NA 12.4
1 10.7 9.7 11.4 12.6 10.9 12.2 13.8 11.1 12.1 NA 13.2 11.3 12.1 11.9 13.4 12.6 12.1 13.1 NA NA NA NA
1 10.8 12.4 11.7 11.8 NA 12 11.9 13.9 12.9 NA 13.2 11.8 NA 13.2 12.4 11.8 NA 11.5 12.4 12.1 NA NA
2 10.5 NA 10.2 11.2 10.8 10.4 10.1 10.7 10.7 12 10.2 NA 10.6 10.6 NA 10.3 NA NA NA NA NA NA
1 10.6 11 11.7 11.7 11.7 12.3 NA 12.1 12.5 12.8 12.6 NA 12 12.6 12.1 12.4 12.5 12.7 NA NA NA NA
2 9.8 9.8 9.4 9.5 NA NA 9.5 NA NA 9.6 NA NA 8.5 NA NA NA NA NA NA NA NA NA
1 10.9 NA 11.3 10.7 NA NA NA NA NA NA NA NA NA NA NA NA NA NA NA NA NA NA
1 10.6 11.3 11.7 12.5 NA 12.5 14.2 13.7 13.7 14.3 15 15.2 14.7 13.7 12.1 NA NA NA NA NA NA NA
1 10.3 11.5 10.6 11.7 11.7 12.7 13 13.7 13.6 13.7 14.1 14 14.2 13.9 13.9 13.8 NA NA NA NA NA NA
1 9.2 9.2 9 9.3 9.5 10.6 10.6 11.3 11.8 10.7 11 NA NA NA NA NA NA NA NA NA NA NA
1 10.7 11.6 11.5 12.8 13.1 13 13.6 13.8 15.9 16.1 15.1 14.7 14.7 14.4 13.9 14.3 13.9 14.2 13.1 13 13.2 NA
2 10.3 10.6 11.2 11.6 11.8 NA NA 12.8 NA NA 12.5 NA NA 12.9 NA NA 13.6 13.5 12.6 12.1 NA NA
2 11.6 NA 12.8 13.2 13.7 NA NA NA NA NA NA NA NA NA NA NA NA NA NA NA NA NA
1 9.5 NA NA 9.2 9.1 9.6 9.8 10.8 9.7 NA NA NA NA NA NA 9.3 9.2 9 NA NA NA NA
1 10.8 10.9 11.4 12 12.2 13.3 13.3 13.5 13.5 14.2 NA 10.5 10.9 NA NA NA NA NA NA NA NA NA
2 9.9 11.3 12.2 12.4 NA NA 12.4 11.9 12.7 NA NA NA NA NA NA NA NA NA NA NA NA NA
2 11.2 NA 11.1 11.6 12.2 NA NA 13 NA NA 13.1 NA NA 13.3 13.3 12.7 12.8 12.5 12.1 NA NA NA
1 9.3 NA NA NA NA NA NA NA NA NA NA NA NA NA NA NA NA NA NA NA NA NA
1 10.8 NA 10.5 11 11 NA 11.6 12.1 NA 13.4 12.9 13 13.1 13.1 13.1 12.8 12.6 13.2 12.6 12.9 12.2 12.3
2 10.9 10.5 11.1 13.9 NA NA NA 13.3 NA NA 13.1 NA NA NA NA NA NA NA NA NA NA NA
2 11 9.9 8.1 9.4 NA NA NA NA NA NA NA NA NA NA NA NA NA NA NA NA NA NA
1 8.9 9.7 9.4 10.8 10.6 NA 11 11.2 11.3 11.4 12.5 NA 11.9 NA 11.9 11.9 NA 11.9 NA 11.5 11.4 NA
2 11.1 12.7 12.8 13 13.1 14.6 14 14.4 14.6 NA 13.9 NA 13.8 13.7 12.7 13.2 NA NA NA 12.7 NA NA
1 10.3 NA NA NA NA NA NA NA NA NA NA NA NA NA NA NA NA NA NA NA NA NA
2 10.6 9.9 9.6 NA 9.2 9.3 9.7 9.2 7.7 10.5 NA 11 NA NA 11.2 NA NA NA 12.6 12.8 11.6 NA
1 10.3 7.3 NA 9.9 9.8 9.1 NA 10.6 10.2 9.8 11.6 11.9 13.3 14.3 14 12.8 12.2 12 13.6 12.8 12.6 12.3
2 10.5 NA 9.4 10.3 11.6 NA 12 12.8 NA NA 13 NA 13.3 NA NA NA 12.8 NA NA NA 11.2 10.6
1 10.1 9.2 8.6 NA NA NA NA NA NA NA NA NA NA NA NA NA NA NA NA NA NA NA
2 8.1 9.7 10 NA NA NA NA NA NA NA NA NA NA NA NA NA NA NA NA NA NA NA
1 10 8.2 10.7 11.4 NA 10.8 11.5 11.6 11.9 12.9 NA 12.1 12.3 12 13.4 12.5 NA 12.5 NA NA NA NA
2 10.1 10.1 9.6 11.9 NA NA 10.5 NA NA NA NA NA NA NA NA NA NA NA NA NA NA NA
1 9.9 10 10.8 10.7 10.7 11.6 NA 12.9 NA 14.4 14.3 14.2 NA NA NA NA NA NA NA NA NA NA
2 9.8 10.3 9.5 10.8 12.1 10.6 10 9.7 9.6 9.6 NA NA 9.8 NA 11.5 10.4 NA NA 11.1 NA NA 11.5
1 10.4 11.3 12.2 12.5 12.2 12.5 12.4 12.6 12.5 13 12.9 12.8 13.2 12.9 11.7 11.7 10.6 11.4 12.7 NA 12.9 NA
1 10 9.4 10 9.8 9.9 NA NA 11.8 NA NA 14.7 14.7 NA 15.9 NA NA 15.2 NA NA 14.2 NA 13.4
2 9.7 9.9 9.7 11.8 NA NA 12.6 12.3 12.4 13.4 NA NA 12 NA NA 13.2 NA 13.7 12.3 12.9 NA 12.1
2 9 9.2 9 9 9.1 9.4 9.1 NA 9 NA NA 10.2 9.4 9.3 NA NA 9.7 9.1 NA 9.2 NA NA
1 9.5 7.9 9.1 8.2 NA 7.9 10.8 10.5 NA 8.1 NA NA NA NA NA NA NA NA NA NA NA NA
2 9.8 9.7 10.4 11.8 NA 10.3 10 NA 9.8 NA NA NA 11.4 11.6 NA NA NA NA NA NA NA NA
1 9.7 11.4 9.9 9.8 NA 8 9.7 11.4 NA 12.9 12.8 13.2 14.5 NA 12.5 11.8 13.1 12.7 12.7 NA NA NA
2 10.4 NA 10.8 10.7 10.9 10.1 NA 10.5 10.5 NA 10.3 NA 9.9 10.1 9.5 NA 9.7 9.8 NA 8.8 NA NA
1 11.4 8.7 9.7 9.9 7.9 9.8 11.5 NA NA NA NA NA NA NA NA NA NA NA NA NA NA NA
1 10.9 11.8 11.6 12.1 NA 12.1 NA 12.9 13.1 12.4 12.1 NA NA 12.7 11.8 13.3 11.8 NA 12.6 12.4 13.1 NA
2 11.2 11.7 12.2 13.1 NA NA NA NA 11.7 11.8 12.2 12.1 12.3 12.2 12.4 11.8 12 12.6 12.6 12.7 13.5 12.8
1 10.4 9.5 10.6 4.9 11.3 11.5 11.9 12.8 13.8 13.8 12.8 12.4 12 NA NA NA NA NA NA NA NA NA
2 9.8 7.7 10.4 11.9 12.9 13.5 NA 13.6 12.6 NA NA NA NA NA NA NA NA NA NA NA NA NA
1 10.4 10.5 12 11.9 12.2 11.9 12.6 13 9.9 10.8 NA NA NA NA NA NA NA NA NA NA NA NA
2 9.9 NA 8.1 8.4 9.7 12.1 13 13.2 12 12.1 13.7 NA 13.2 10.3 NA NA 12.1 12.8 NA 13 NA NA
1 10.1 10.6 8.7 11.8 13.5 13.9 12.8 12 13 11.8 12 11 10.9 10.5 9.9 11.3 11.2 13.2 11.7 12.6 12.8 13.8
2 10.3 9.5 9.2 8.9 NA NA 10 NA 11.7 11.9 11.9 12.5 11.9 12.3 NA NA NA NA 10.4 10.7 11.3 10.4
1 9.9 NA 9.7 10 10.8 10.5 11.9 12.2 13.9 12.9 12.9 13 13.8 13.7 13.7 12 13 12.4 12.4 11.7 11.4 11.4
2 10.8 11.7 11.9 12.7 13.8 12.8 NA NA 11.5 NA 11.7 11.6 NA 11.9 NA NA 12.3 NA NA NA 11.9 11.8
1 9.6 NA 10.7 10.2 11.3 12.7 12.4 11.8 11.1 12.2 11.3 11.6 11.9 12.4 12.4 12.2 12.9 14.9 NA NA NA NA
2 9.4 9.6 10 9.4 10 NA 10.1 10.8 NA NA 10.3 NA 10.6 NA NA 11.6 NA NA 12.5 NA NA NA
2 9.4 9.3 9.3 9.6 NA NA 13.1 11.5 11 NA 11.4 NA 12.1 12.3 NA 12.5 14.4 12.6 12.1 10.9 11.7 NA
1 9.6 7.8 NA 11.6 11.7 NA 12.9 12 NA 13.3 12.2 12.7 13.3 12.5 12.8 12.4 NA 11.3 11.4 NA NA 14.3
1 10.7 11.6 12.1 NA 13.1 13 12 NA 11.4 11.5 NA NA 11.8 NA NA NA NA NA NA NA NA NA
2 10.9 11.7 9.2 9.5 NA NA 12.4 12.4 13.5 10.4 11.9 11.1 10.7 10.6 10.8 9.8 9.8 9.5 9.7 10.3 9.9 NA
1 9.6 8.5 9.3 10.6 10.8 NA 10.8 10.9 11.9 13.2 14.2 NA 12.6 11.8 NA NA 11.7 12.4 NA NA NA NA
2 10.1 8.6 10 8.8 9.9 10.4 11 NA NA 13.5 NA 14.5 13.3 13.8 NA 13.8 13.3 13.1 13.3 NA NA NA
2 9.7 11.9 13 13.3 14.6 15.7 14.4 NA 13 13.7 12.1 NA 12.8 NA NA 13.5 13 13.1 13 NA NA NA
1 8.4 9.5 9.8 9.7 9.6 10.5 10.3 10 9.8 10.8 10.4 10.3 10 11.2 10.9 10.2 9.7 11 10.1 11.7 11.9 NA
1 10.5 NA 9.6 11.1 10.3 11.2 NA 13.6 NA 13 13.3 12.5 12 12.2 12.6 11.9 11.9 13.7 12.9 13.4 NA 14.9
2 8.4 9.8 11.3 11.1 NA 12.3 12.2 NA 13.8 14.1 NA 13.7 13.7 NA NA 13.2 NA NA 12.3 NA NA NA
1 11.5 12.1 11.9 12.8 NA NA NA NA NA NA NA NA NA NA NA NA NA NA NA NA NA NA
2 9.6 11 10.6 12 11.3 11.2 11.7 12.4 11.1 10.5 11.2 10.2 NA NA NA NA 12.1 12.9 12.9 12.5 12.8 NA
1 10.7 10.7 9.8 10.9 11.3 12.1 11.6 12.2 12.5 13.6 12.9 12.2 NA 11.2 10.6 11.3 12.2 12.1 11.8 12.8 12.8 13.2
2 10.5 11.4 11.8 12.8 NA NA 13.6 NA NA NA NA NA 11.3 NA NA 12.4 NA 12.6 12.3 NA NA NA
1 10.2 11.2 10.1 10.4 NA NA 11.8 11.8 NA 13.6 13.7 14.1 13 13.9 14 13.1 13.3 13.2 12.7 12.9 12.8 12.3
2 10.9 10.5 10.3 11.2 NA NA 10.9 NA NA 11.3 NA NA 10.3 NA NA 10.1 NA NA NA 10 NA NA
2 10.6 11.3 12.1 NA 15.3 15.3 15.5 15.2 NA NA 14.4 NA NA 12.9 13.1 NA NA NA NA 12.9 NA NA
1 10.7 12.5 11.1 10.8 11.2 11.8 11.1 11 10.9 8.3 9.6 10.3 9.3 9.8 10 8.1 9.1 10.1 8.7 10.5 10.4 NA
2 10 11.3 10.9 10.6 11.6 12.4 NA NA 12.8 NA 12.1 13.5 12.8 12.7 12.7 12.5 12.8 NA 10.7 NA NA NA
1 8.1 7.4 10.2 9.7 10.2 8.8 8.8 9.1 9.3 10.2 9.4 10.1 10.5 10.2 10.3 10.4 10.6 11.3 11.7 12 12.3 NA
1 10.6 11.4 NA 11.9 13.1 12.9 12.2 12.2 11.6 11.6 12.8 12.2 11.4 12.6 12.4 13.3 14 11.5 11.2 12.3 13.3 NA
2 10.3 11.1 11.5 11 NA NA 10.8 NA 10.7 9.7 11.3 11.1 10.6 10.4 10 11.2 9.4 8.9 10.5 NA NA NA
2 10.8 11.6 12.3 11.7 12.4 NA NA 11.7 11.9 12.2 11.8 12.3 12.2 10.6 10.4 10.8 10.6 11.3 10.8 11.2 NA 11.3
1 7.2 NA NA NA NA NA NA NA NA NA NA NA NA NA NA NA NA NA NA NA NA NA
2 9.1 9.4 8.1 8.6 9.9 9.9 10.9 9.6 NA 9.5 8.5 NA 9.4 NA 8.5 9.9 9.6 9 9.9 NA NA NA
1 10.2 10.4 10.1 NA NA NA 10.5 10.2 NA 12 11.8 12.8 12.7 12.6 12.2 12.5 12.1 12.4 12.8 12.1 12.7 NA
2 9.7 12.3 11.2 11.7 NA NA 11.3 NA NA NA 13.5 12.2 11.8 NA 11.4 NA NA NA NA NA 10.3 NA
1 10.4 10.8 11.3 11.6 11.8 12 12.9 13.9 13.2 13.7 13.4 13.7 13.9 13.2 13.5 12.9 12.7 12 12.3 12.3 12.8 12.6
1 10.3 9.9 9.1 10 10.8 9.5 10.9 10.6 10.6 11.4 NA NA NA NA NA 11.8 NA NA NA NA NA NA
2 9.8 10.7 11.6 NA 14.6 NA 15.2 NA 15 14.2 14.7 14.1 13.5 13.3 13.2 12.8 12.4 12.3 10.9 NA NA NA
2 8.9 NA 11.5 10.9 NA 11.4 11.6 10.7 NA 9.9 9.9 NA NA 10.8 NA NA 11.3 NA NA 11 NA NA
1 10 10.7 10.9 12.9 12.7 NA 12.2 11.9 12.4 12.9 NA 12.5 12.9 13.3 13.1 NA 10.9 12.5 13.1 14.2 14.4 14.3
1 10.5 NA 9.2 8.9 8.2 NA NA NA NA NA 12 10.9 11.8 NA 12.2 12.1 NA NA NA NA NA 13.8
2 10 10.3 NA 10.5 12.4 13 13.4 13 12.1 13 13.2 13.4 12.4 12.7 13 NA 13.6 12.3 12.6 12.6 12.2 NA
1 10.8 10.5 11.9 12.8 13.2 12.9 13.7 13.1 13.2 12.7 12.9 12.6 12.3 12 12 13.1 13 13.1 12.6 12.5 11.8 NA
2 9.8 9.7 9.6 10.6 NA NA 10.5 NA NA 9 NA NA 11.8 NA 13.2 NA NA NA NA NA NA NA
2 8.9 10.1 10.2 11 12.4 NA 12 12.7 NA 12.9 13.5 NA 13.1 NA NA 12.4 NA NA 12.6 NA NA NA
1 10.2 11.7 NA 12.6 12.1 13.6 12.9 13.7 13.3 13 12.7 NA NA NA NA NA NA NA NA NA NA NA
2 9.9 10.6 9.9 10.4 NA NA NA NA NA NA NA NA NA NA NA NA NA NA NA NA NA NA
1 11 11.3 12.5 12.5 12.6 12.6 NA 13.9 13.8 NA 13.5 13.3 6.1 11.7 5.1 12.7 13.9 12.4 12.9 12.4 12.3 NA
1 10.2 11.2 13.3 12.9 11.3 NA NA 13.2 10.9 11.9 13.5 11.2 11.9 12 11.3 12.1 11.6 13.4 12 11.5 12.3 NA
2 9.6 10.7 11.3 10.3 10.3 8 NA 9.9 NA NA 8.7 NA 12.7 NA NA NA NA NA NA 10.9 NA 11.2
1 9.1 9 10.8 NA 10.5 NA NA NA NA NA NA NA NA NA NA NA NA NA NA NA NA NA
2 10.8 11.3 12.4 14.1 13.9 13.6 13.4 13.5 12.8 12.9 12.6 NA 13.1 NA 13 NA NA 13.6 NA NA NA NA
2 9.9 8.7 9.6 10.1 10.1 10.9 10.3 NA 10.3 10.4 12 10.9 10.8 11.1 NA 13 NA 10.6 NA NA NA NA
1 11.4 10 10.6 10.1 10.2 NA NA 10.7 NA NA 11.8 11.8 12.4 12.7 12.5 12.7 12.5 12.7 12.4 12.7 11.7 NA
2 9.1 9.7 10.2 NA 11.8 NA 9.7 NA NA 10.5 NA NA 11.3 NA NA 11.6 NA NA NA NA NA NA
1 10.8 10.5 11.3 11.3 12.4 12.5 12.7 NA 13.1 12.7 12.5 11.7 12.1 NA 12.2 12.4 NA 11.7 11.1 10.6 10.5 NA
2 10.5 NA NA 12.1 11.4 11.5 11.1 11.4 NA 12 11.2 11.3 11.6 11.2 NA 12.5 11.4 11.5 11.7 10.9 NA 11.3
1 9.4 10.8 12.4 11.5 10.7 10.9 11.4 12.6 11.8 11.8 11.7 11.4 11.8 11.9 12.4 NA 12.9 13.4 12.9 12.3 12.3 NA
1 10.7 NA 10.6 10 NA 10.9 NA 10.1 9.6 10.1 9.8 10.8 11 NA NA NA NA NA NA NA NA NA
2 10.2 11.5 NA 10.7 11.3 NA 11.3 10.5 10.4 10 11.4 11 NA 10.8 NA 11.1 11.6 NA NA 11.5 NA NA
2 9.2 9.6 11.2 12.4 NA NA 13.1 NA NA 12.1 NA NA 12.7 NA NA NA 12.4 NA NA 10.1 NA NA
1 10.5 10.6 12.2 12.2 11.3 NA NA NA NA NA NA NA 10.7 10.4 10.2 11.9 12 13.2 12 NA NA NA
2 10.2 10.2 10.2 9.8 9.8 9.4 NA NA NA NA NA NA NA NA NA NA NA NA NA NA NA NA
1 11.4 10.9 10.7 10.4 11.1 10.8 11.4 11.5 10.7 9.4 9.1 NA NA NA NA NA NA NA NA NA NA NA
1 10.2 12.2 12.2 14 13.6 13.6 13.7 NA 13.5 13 12.6 13.1 12.5 12.3 13.1 12.2 12.3 12 7.7 NA NA NA
2 9.7 10.8 NA 11.6 NA NA NA NA NA NA NA NA NA NA NA NA NA NA NA NA NA NA
2 7.6 7.4 7 7.3 6.9 NA 9.8 NA 8.6 9.2 NA NA 8.6 NA NA 7.6 NA NA 9.7 NA NA NA
1 10.3 9.6 10 9.2 10.3 8.6 10.8 9.9 9.9 9.6 9.5 9.4 7.1 9.3 10 9.1 9.5 9.4 9.6 10.1 9.7 NA
1 10.6 10.9 12.1 NA 12 13.3 13.3 12.1 12 13 12.8 13.4 12.8 12.6 12.9 12.3 12.4 12.9 12.2 12.3 12.1 12
2 10.7 9.2 9.4 10.5 NA NA 9.7 NA NA NA NA 12.5 11.5 NA NA 12.7 NA NA 11.9 12.8 NA NA
1 9.1 NA NA NA NA NA NA NA NA NA NA NA NA NA NA NA NA NA NA NA NA NA
2 8.7 9.7 NA 9.2 10.3 NA 9.9 10.3 NA 9 NA NA NA 11 11 NA 11.4 NA NA 11.9 NA NA
2 9.5 10.5 10.9 11.4 11.4 12 11.3 11.1 NA NA NA NA NA NA NA NA 11.5 NA NA NA NA NA
1 10.2 10.5 10.3 11.2 11.5 11.4 12 12.5 12.6 12.6 12.8 13.1 13 13 13.1 11.2 11.9 NA 13.5 13.7 13.6 NA
1 11 11.1 12 11.1 11.1 10.9 11.7 11.2 11.1 10.7 11 12.3 11.9 11.5 11.8 11.6 11.4 10.9 10.9 10.9 11.2 NA
2 10.7 9.5 NA NA NA NA NA NA NA NA NA NA NA NA NA NA NA NA NA NA NA NA
1 8.7 9.4 10.1 NA 12.6 NA 10.1 NA 10.8 NA NA 12.1 NA NA 11.3 NA NA 12.5 NA 12 NA NA
1 10.5 11.6 11.1 11.5 11 11.2 NA 11.7 11 11.2 11.7 11 11.7 10.7 12.1 NA 11.5 10 9.6 9.3 10.5 9.9
2 10.2 NA 12 11.5 12.1 NA NA NA NA NA NA NA NA NA NA NA NA NA NA NA NA NA
2 8.3 7.7 10 11.1 10.8 10.7 10 11.3 NA 9.1 NA NA 10.1 NA NA 11.6 NA NA NA NA NA NA
1 9.6 9.1 8.9 NA NA NA NA NA NA NA NA NA NA NA NA NA NA NA NA NA NA NA
2 10.9 10.4 10.4 11.8 NA NA 9.2 NA NA 9.4 NA NA 10.6 NA NA 10.2 NA NA 10.8 NA NA NA
2 9.1 10.4 11.1 11.2 NA NA 12.7 NA NA 12 NA NA 12.6 NA NA 12.9 NA NA 13.7 NA NA 13.4
2 10.4 10.2 10.3 NA NA NA NA NA NA NA NA NA NA NA NA NA NA NA NA NA NA NA
1 10.5 NA 10.6 NA NA NA NA NA NA NA NA NA NA NA NA NA NA NA NA NA NA NA
1 10.8 10.4 11.5 11.4 12.4 NA 12.8 16.5 13.1 13.1 12.5 12.5 13 NA 12.3 12.4 12.4 13.1 12.5 12.4 13.3 NA
2 9.7 10.8 10.8 9.9 10.9 NA 11.8 NA NA 11.4 NA NA 13 NA NA 12.8 NA NA 12.9 NA NA NA
1 9.5 9.6 11.2 10 9.9 11 10.5 10 10.9 9.7 10.1 10.3 11.6 NA NA NA NA NA NA NA NA NA
2 9.9 8.9 NA NA NA NA NA NA NA NA NA NA NA NA NA NA NA NA NA NA NA NA
2 11.3 10.8 11.3 10.8 11.6 12.1 12.7 12.8 12.9 12.6 13.3 12.6 13 12.1 12.4 12.4 12.5 12.1 11.9 12.1 12.2 11
2 9.5 9.2 9.8 8.8 9.3 NA NA NA NA NA NA NA NA NA NA NA NA NA NA NA NA NA
1 9.6 9.4 10.3 NA 9.4 9.3 10.6 NA 10.4 NA 13.5 NA NA NA NA NA NA NA NA NA NA NA
1 10.8 11.6 10.6 11.5 NA NA 11.8 NA NA 11.5 12.6 NA NA 12.9 NA NA NA NA 14 13.4 13.8 NA
2 10.6 10.8 11.4 NA NA NA NA NA NA NA NA NA NA NA NA NA NA NA NA NA NA NA
1 10.5 11.1 11.4 12.3 NA NA 12.2 NA 13 NA 13.3 12.7 12.5 13.4 12.8 12.3 12.1 12 12.8 13.4 NA NA
2 10.3 10.9 11.1 NA NA NA 11.9 NA NA 11.2 NA NA 11.7 NA NA 10.8 NA NA 10.8 NA NA NA
2 9.8 9.9 8.4 9.8 NA NA 8.9 NA 11.9 NA NA NA NA NA NA NA NA NA NA NA NA NA
1 10.3 10.1 10.5 11.6 12.1 13.7 13.5 NA 13.7 13.8 12 11.7 11.1 12.8 14 13.5 14 NA NA NA NA NA
2 11.6 10.2 11.1 11.2 11.5 12.1 9.7 6.7 11 8 NA NA NA NA NA NA NA NA NA NA NA NA
1 9.1 9.7 10.8 10.8 10.9 NA 12 11.7 12.5 13.6 10.8 11.2 12.4 NA 11.1 12.3 12.9 13.8 14 13.9 13.6 13.5
2 10.6 10.2 11.5 NA NA NA NA NA NA NA NA NA NA NA NA NA NA NA NA NA NA NA
1 10 9.3 11.2 11.3 11.9 12.2 11.4 11.4 12.7 NA NA NA NA NA NA NA NA NA NA NA NA NA
2 8.9 8.3 9 9.3 NA NA 10.8 NA NA 10.5 NA NA 11.4 NA NA 9.7 NA NA 9.8 NA NA NA
1 9.2 NA NA NA NA NA NA NA NA NA NA NA NA NA NA NA NA NA NA NA NA NA
2 9.8 10.2 11.1 NA NA NA 12.8 NA NA 14.7 NA NA NA NA NA NA NA NA NA NA NA NA
1 10.8 11.3 12.4 11.9 11.9 8.3 12.8 12.5 12.7 12.1 13.1 12.2 NA 12.4 12.5 12.5 NA 13.3 12.4 12.8 12 12.4
1 10.7 10.8 11.7 12.4 11.9 11.9 NA NA NA 13.7 14 12.5 11.1 11.6 12.9 11 9.9 9.7 NA 8.7 NA NA
2 9.8 10.8 10.8 10.7 NA 12.1 11.2 10.3 NA NA NA 10.9 NA NA 11.8 NA NA 12.2 NA NA NA 12.2
1 9.5 10.5 9.7 11 11.4 12 10.8 NA NA NA NA NA NA NA NA NA NA NA NA NA NA NA
1 9.9 11.3 NA NA NA NA NA NA NA NA NA NA NA NA NA NA NA NA NA NA NA NA
2 10 9.7 10.1 9.6 9.9 NA 11.4 NA NA 13 NA NA NA NA NA NA NA NA NA NA NA NA
1 10.8 10.3 10.5 10.8 11.2 11.1 11.4 11.3 11.7 11.5 11.3 11 11 10.8 10.6 11.2 11.4 11.3 NA 12.3 12.3 12.4
1 9.4 NA 12.3 12.6 11.4 11.7 13.4 12.8 12.7 12.4 11.7 NA 10.9 9.8 NA 11.8 11.7 11.5 NA NA NA NA
2 8.9 9.5 10 10.4 11.1 NA 11.4 NA 11.7 11.8 NA NA 12.2 NA NA 12.2 NA NA 12 NA NA NA
1 10.4 11 11.7 11.5 13.2 13.1 12.2 11.7 12.2 15.3 NA NA NA NA NA NA NA NA NA NA NA NA
2 9.6 9.9 NA 11.2 NA NA NA NA NA NA NA NA NA NA NA NA NA NA NA NA NA NA
2 10.8 11 NA NA NA NA NA 12.7 NA NA 12.2 NA NA 12.5 NA NA 12.1 NA NA 12.1 NA NA
2 9.1 NA 10 9.8 10.1 NA NA 11.4 NA NA 11.8 NA 12.6 NA NA NA 14.6 14.5 13.3 NA NA NA
1 8.7 10.2 11.1 11.7 NA 12.7 13.7 13.3 13.7 13.5 13.4 13.7 14.2 14.1 13.3 13.4 13.2 13.2 13.2 12.9 12.9 NA
2 10 10.9 11.1 11.1 11.2 11.8 11 NA NA 11.5 NA NA 11.4 NA NA 10.4 NA NA 11.4 NA NA NA
1 9.6 8.6 9.1 8.6 NA 10.8 10.4 10 9.5 NA 8.5 8.3 9.2 9.7 10.4 11.3 NA 12.4 13.1 10.4 10.4 NA
1 10.6 NA 11.4 NA NA NA NA NA NA NA NA NA NA NA NA NA NA NA NA NA NA NA
2 9.9 10.6 NA 11.1 11.9 NA 13 12.7 NA NA 12.5 12.1 11.9 NA NA 12.6 NA NA NA NA 13.5 NA
1 10.6 10 11.1 11.7 NA 12.1 10.9 11.7 11.8 12 12.5 NA NA NA NA 11.9 12.5 12.8 13.5 NA NA 12.6
2 10.9 11.3 11.4 11.2 12.5 12.4 13.7 13.5 13 13.3 13.3 NA NA 13 NA NA NA NA NA NA NA NA
1 9.9 NA 11.7 NA 11.7 11.7 14.1 NA NA NA 13 NA NA NA NA NA NA NA NA NA NA NA
2 10.6 12.1 11.5 11.6 NA NA NA NA NA NA NA NA NA NA NA NA NA NA NA NA NA NA
1 11.1 11.5 11.4 11.9 11.9 11 NA 11.5 11.9 11.9 12.6 13.7 12.7 NA NA NA NA NA NA NA NA NA
2 9 8.7 10.3 11.5 9.9 8.4 NA NA NA NA NA NA NA NA NA NA NA NA NA NA NA NA
1 10.1 8.7 11.2 11 10.8 NA NA NA NA 11.9 12.8 12.2 12.1 13.3 13.8 14 NA NA NA NA NA NA
1 11.5 11.7 11.3 11.4 12.3 10.7 10.8 NA NA NA NA NA NA NA NA NA NA NA NA NA NA NA
2 10.4 11 11.9 12.4 10.8 10.2 12.2 12.8 NA 12.2 NA NA 13.3 NA NA 13.4 NA NA 12.5 13.1 NA 13.2
1 10.6 10.8 11 11.3 11 12 12 12.3 12.3 13 13.4 12.4 11.8 11.8 13.3 11.5 12 NA NA NA NA NA
2 8.3 11.9 12.5 12.1 12.5 11.7 11 NA NA 10.3 9.8 10.6 10.8 NA NA NA NA NA NA NA NA NA
2 10 8.6 8.9 8.9 9.7 NA NA 9.2 NA 8.6 8.9 NA 9.3 8.8 NA 8.9 NA NA 7.5 10.2 9.7 9.4
1 10.2 10.7 10.6 9.6 NA NA NA NA NA NA NA NA NA NA NA NA NA NA NA NA NA NA
1 9.6 NA 10.2 10.1 10 10 10 10.5 11.6 11.6 12.3 12.8 12.9 12.9 NA 12.5 13.3 12.3 12.4 11.5 NA 11.3
1 10.5 10.6 11 10.8 NA NA 13.9 13.1 12.9 13 12.2 12.3 12.2 11.8 12.2 12.5 13.7 14 NA 13.6 NA NA
2 9.6 10.2 10.3 9.9 10.8 NA 10.3 NA NA 10.3 NA NA 10.1 NA NA 11.2 NA 11.8 NA NA NA NA
1 10 10.4 11.7 NA 12.2 11.7 12.1 12.5 11.5 13 13.2 12.4 12.3 12.4 11.2 11.3 13.3 13.6 13.4 12.9 12 NA
2 10.1 9.4 10.5 10.8 10.8 10.5 11 11.3 10.1 10.2 11 11.7 11.8 10.7 11.3 11.9 NA NA 10.8 NA NA 13.3
1 10.2 9.9 9.6 10.4 9.2 10.4 10.7 9.3 9.5 9.6 8.8 8.8 9.7 10.6 10.2 9.9 9.7 10.9 11.4 13 13.7 14
2 8.6 11.2 10.7 11.7 NA NA NA NA NA NA NA NA NA NA NA NA NA NA NA NA NA NA
2 9.9 7 10.4 9.3 NA NA 10 NA NA NA 12.6 NA NA 13.5 NA NA NA NA NA NA NA NA
1 10.5 10.5 11.9 11.8 12.3 11.4 10.7 11.1 11.6 10.9 11.5 12 11.8 NA NA 10.7 9.1 NA 8.3 NA 10.2 NA
2 10.9 10.8 10.6 11 11.9 12 11.4 12 11.7 11.6 11.8 11.1 10.8 11 10.7 10.8 NA NA 11.3 NA NA 12.2
2 9.3 8.3 8.5 9.4 NA NA 10.1 NA NA 10.3 NA NA 10.5 NA NA 10.1 NA NA 11.9 NA NA NA
1 10.8 11.9 12.2 NA NA 12.9 NA 11.7 11.9 10.8 12.6 12.2 NA 11.5 12.4 12.9 11.9 12.6 12.2 NA 12 NA
2 10.3 9.2 10.2 NA 8.2 11.9 11.2 NA 12.5 11.2 12.8 NA NA NA NA NA NA NA NA NA 12.9 NA
1 10.1 9.3 8.2 7.2 10.3 12 12.4 10.8 NA 10.6 10.5 10.5 8.1 NA 12.3 10.9 11.3 15 12.1 11 9.4 NA
1 8.3 10.2 9.8 10 9.2 NA 8.4 7.9 10.5 NA 9.7 NA 8.3 NA NA 10 NA NA NA 12.3 NA 11.9
2 10.3 NA 10.9 11.6 NA NA 13.5 NA NA NA 12.8 12.4 12.5 13.1 13.3 13 NA NA 13 11.5 10.8 11.1
1 11.5 11.5 12.2 13.1 12.8 13.4 12.6 12.5 12.6 NA 12.5 13.2 12.9 12.8 12.6 12.7 13.1 12 11.8 10.8 12.6 NA
2 10.2 11.1 12.2 10.9 10.2 NA 12 NA 13.7 NA 13.2 15.7 14.1 NA 15.2 15.1 15.4 15 15 NA NA NA
2 9.6 11.2 11.4 12 NA NA 9.8 NA NA 10.6 NA NA 10.1 NA NA 10.1 NA NA 11.6 NA NA NA
1 10.5 11.2 11.9 11.7 12.4 NA 12.4 NA 11.9 11.8 9.9 10.8 NA 11.4 11.3 10.9 11.1 9.5 12.3 NA NA NA
1 8.5 8.6 11.6 NA NA NA NA NA NA NA NA NA NA NA NA NA NA NA NA NA NA NA
2 10.4 10.8 NA NA 11.5 12.4 NA 13.9 NA NA 13.6 NA NA 13.1 NA NA 12.5 NA NA 12 NA NA
1 10.9 NA 11.5 11.8 12 12.5 NA 12.5 NA 12.6 12.1 12.9 12.1 12.8 11.3 12.3 12.4 NA NA NA NA NA
2 10.8 NA 10 10.8 11.7 NA NA 11.3 NA NA 11.8 NA NA 12 NA NA 12.2 NA NA 12 NA NA
1 9.9 10.4 10.4 10.9 NA 10.5 NA 11.6 NA 12.4 NA 12.7 NA NA 13.8 14.2 13.4 14 12.7 13.5 NA NA
2 8 11.3 11.6 11.3 12.3 NA 10.7 NA 11.6 NA NA NA 10.6 10.8 NA NA 9.3 NA 10.5 NA NA NA
2 10.4 10.4 11.2 12.5 11.9 11.4 13.8 13.2 12.9 15.5 11.7 NA NA 12.3 NA NA 12 NA NA 9.5 NA 10.3
1 9.7 10.3 9 8.5 11.4 NA 10.6 NA NA 10.4 NA NA 7.9 NA 10.7 10.2 9.1 8.1 10.4 10.1 NA NA
1 10.7 11.6 9.8 10.6 11.9 12.3 11.3 11.8 10.3 10.8 11.7 NA 12.1 NA 12.3 11.6 11.9 13 15.1 13.8 13.4 NA
2 10.6 11.9 11.7 13.2 12.7 12.3 12.7 11.8 12.1 11.9 11.5 NA 11.4 10.8 10.4 NA 9.8 9.6 9.9 9.6 10.7 NA
2 8.7 NA 8.5 NA NA NA NA 9.3 NA NA 9.8 NA NA NA NA NA NA NA NA NA NA NA
1 10.8 NA 11.8 11.7 10.5 9.2 10.6 9.1 10.5 NA NA NA NA NA NA NA NA NA NA NA NA NA
2 10.9 9.2 8.4 NA NA NA NA NA NA NA NA NA NA NA NA NA NA NA NA NA NA NA
1 10.6 10.7 10.3 10.1 10.4 11.7 12.3 NA 12.5 13.5 13.6 NA NA NA NA NA NA NA NA NA NA NA
1 10.9 4.7 10.8 10.8 NA 9.5 12.6 12.1 12.4 13.1 12.2 12.5 11.1 11.6 NA NA 12.9 NA NA 11.5 13.9 NA
2 9.2 7.7 9.5 9.3 8.2 10 8.7 10.9 9 11.5 10.8 NA 11.1 NA 12.5 NA NA NA NA NA NA NA
2 9.3 9 10 10 10.8 NA NA 13.7 14 13.4 12.4 12.7 13.1 11.9 NA NA 12.3 NA 11.5 NA NA NA
1 9.7 11 11.2 10.2 11.3 11.7 11.2 NA NA 13.4 13.1 13.2 13.5 12.6 12.5 12 13.1 13.1 12.8 12.1 NA NA
2 10.4 10.1 11.1 NA NA NA NA 11.3 NA NA 13.4 NA NA 14.6 NA NA 12.9 NA NA 13 NA NA
1 8.3 NA NA 9.2 10 9.6 10.5 11.5 11.1 9.9 8.8 NA NA NA NA NA NA NA NA NA NA NA
1 9.8 9.4 9.7 10.3 11.6 12.5 13 12.9 13.4 13.1 13.2 13.5 12.8 13.4 13.3 12.7 13.1 13.1 13 13.5 NA NA
2 10.6 11.2 13.5 13.2 12.4 11.9 NA NA 11.2 NA NA 11.6 NA 12.2 12.1 11.6 9.9 10.1 9.3 11.6 11.4 12.7
1 10.8 10.2 10.4 12.2 13.2 12.7 12.7 13.6 13.5 13.2 13.1 13.2 13 3.8 13.2 13.2 NA 13.4 12.8 12.7 12.9 12.3
2 9 8.9 9.7 11.3 12.2 12.2 12.1 13.1 12.5 12.4 12.5 11.9 11.2 11.5 12.4 11.8 11.3 10.8 10.2 NA NA NA
1 8.6 8.7 7 10.2 10.4 8.6 8.8 NA 7.6 10 NA 11.1 NA 13.4 13.7 13.9 13 NA 12.6 12.3 11.7 NA
2 11.3 NA 10.3 9.9 9.7 NA NA 11.3 NA NA NA NA NA NA NA NA NA NA NA NA NA NA
1 10.4 NA 11.2 11.3 11.1 12.8 13.9 12.6 13.6 12.8 NA NA 12.3 11.2 12.2 12.6 12.7 13 13.3 13.3 12.7 12.1
2 10.8 10.7 8.8 10.2 NA NA 11 NA NA 8.8 NA NA 8.4 NA NA NA NA NA NA NA NA NA
1 10.7 10.3 10.9 11 NA NA NA 13 13.2 13.3 12.8 12.8 12.4 12.5 11.9 NA NA 13.4 13.7 13.2 NA NA
2 11.1 11.2 11.5 11.2 11.4 NA 12.6 NA 12.8 12.3 12.2 NA 12 11.8 NA NA 11.9 NA NA NA 12 NA
1 10.7 9.3 12.6 12.8 12.6 13 13.7 12.4 13 12.7 NA NA 12.1 11.6 11.4 NA 11.9 11 11.3 11.9 13.3 12.6
2 11.7 12 12.3 NA NA NA NA NA NA NA NA NA NA NA NA NA NA NA NA NA NA NA
1 11.5 NA 12.2 11.9 12.5 13 12.8 13.8 14 13.8 13.4 NA NA NA NA NA NA NA NA NA NA NA
2 9.2 8.8 9.6 9.1 9.2 9.9 10.2 10.7 NA 11.2 13.9 NA 13.2 13.5 NA 13.5 NA 12.7 11.5 NA NA NA
2 10.6 10.3 11.4 12 NA NA 12.8 12.4 9.6 11 NA NA NA NA NA NA NA NA NA NA NA NA
1 10.9 11.2 11.4 10.9 12.6 11.7 NA 11.6 12.2 13 12.7 13.3 12.8 NA NA NA NA NA NA NA NA NA
2 10.8 8.9 9.6 12.1 NA NA 12.4 NA NA 12 NA NA 10.5 NA 10.6 NA NA NA 10.5 NA NA NA
1 9.7 NA 9.7 9.9 9.4 9.8 11 NA NA NA 12 NA NA NA 13.6 12.7 12.5 11.9 11.4 NA NA 12.4
2 10.8 NA 11.3 12.4 11.9 12.3 NA 12 12.4 12 12.3 NA NA 12.8 12.7 NA NA NA NA 13.6 14.1 NA
1 10.7 11.9 12.2 12.1 12.8 13.5 12.3 12.4 12.3 11.9 11.5 11.5 11.8 13.3 13 12.5 12.5 NA NA NA NA NA
1 9.4 7.9 9.3 10.3 8.9 NA 9.7 8.4 NA 9.6 9.2 NA 8.4 10.4 10.8 10 9.8 10.2 9.3 9.3 10.2 NA
1 10.1 9.5 9.9 10.8 11.5 NA 12.1 12.3 13.6 12.8 12.1 11.7 11.8 12.3 12 12.7 12.9 12.1 12.8 11.6 11.6 11.4
2 10.8 11.1 11.1 11.9 NA NA 14.1 NA NA 13.5 NA NA 13.5 NA NA 13.5 NA NA 13.1 NA NA NA
1 10.6 8.7 8.7 9.6 9.5 8.6 7.9 10.8 10.8 10.4 9.8 10.3 9.3 10.7 9.7 NA NA NA NA NA NA NA
2 10.9 10.7 10.9 11.7 NA NA 11.7 NA NA 11.9 NA NA 11.9 NA NA 11.3 NA NA 11.6 NA NA NA
1 10.1 9 11.4 10.3 NA NA NA NA NA NA NA NA NA NA NA NA NA NA NA NA NA NA
1 9.9 10.3 9.9 10.6 10.7 11.8 12.2 11.8 12.2 13 13 12.1 12.3 NA 12.5 12.6 12.2 12 11.8 11.7 NA 11.4
2 9.9 NA NA NA NA NA NA NA NA NA NA NA NA NA NA NA NA NA NA NA NA NA
1 9.3 9.8 10.9 NA NA 10.5 10.7 9.8 10.5 11 10.5 11.7 NA 11.6 11 NA NA 11.9 NA NA 12.3 NA
2 10.7 10.7 11.9 11.6 NA NA 11.8 11.8 NA 11.1 NA NA 11.1 NA NA NA NA NA NA NA NA NA
2 11.4 11.4 12.1 13 NA 13 13.5 13 12.9 13.3 NA NA NA 11.8 12 12.4 NA 13.1 12.2 NA NA NA
1 11.2 11.1 11.7 12.8 12.4 13 13.7 13.5 12.5 12.3 12 NA NA 11.1 NA NA NA NA NA NA NA NA
2 9.1 8.9 8.3 8.7 NA NA NA NA NA NA NA NA NA NA NA NA NA NA NA NA NA NA
1 9.9 9.5 10.2 11.2 11.1 12 12.6 12.1 13 13.4 12.5 12.8 12.2 11.3 10.4 8.7 11.3 10.6 9.8 9.8 10 NA
2 10.3 NA NA 11.8 NA NA NA 13.6 NA NA 12 NA 13.3 13.5 12.7 11.9 NA NA NA 12.7 NA NA
2 10.6 10.3 10.6 11 13.2 11 11.4 11.3 NA 11.8 NA NA 12.1 NA NA NA NA 11.3 NA 11.6 10.2 10.1
1 10.3 NA 11.9 12.3 13.2 12.9 12.9 12.9 12.3 12.6 12.1 11.8 11.1 11.5 11.5 12 NA 12.8 NA NA NA NA
1 9.6 8.7 10.7 11.6 9.6 10.8 10.6 9.6 10.3 9.1 10.1 10.8 10.2 9.1 9.9 10.9 12 12 12.2 11.3 12.8 NA
2 9.5 10 9 8.9 8.4 9.1 8.4 12.8 13.3 11.9 12.4 13.3 12.1 12.5 11.5 12.6 12.7 11.3 NA NA NA NA
2 10.5 10.6 11.4 11.5 NA NA 12.3 NA NA 12.5 NA NA NA 12.3 NA NA 12.7 NA NA 12.9 NA NA
1 10.4 12 11.5 11.7 NA 11.4 12.4 13.1 13.9 11.6 11.4 NA NA NA NA NA NA NA NA NA NA NA
1 10.2 10 10.3 10.7 12.3 11.4 10.6 12 11.3 12.6 11.5 11.3 11 NA NA 13.5 12.4 NA 12.6 12.4 NA 11.4
2 11.2 11.3 NA 11.2 NA NA NA NA NA NA NA NA NA NA NA NA NA NA NA NA NA NA
2 10.7 10.8 11.6 10.9 9.8 9.5 9.6 12.3 12.4 NA 11.3 11.5 11.6 10.7 11 10.8 10.6 10.7 10.1 10.2 NA NA
1 10.2 10.5 9.7 10 10.3 10.8 10.1 10.3 10.7 10.4 10.2 10.5 10.2 10 10.2 9 9.5 10.1 9.7 11 10.4 12
1 11.3 10.6 9.9 NA NA NA NA NA 12 11.4 10.3 NA 10.2 10.4 9.7 NA NA NA NA NA NA NA
2 10.1 10.4 9.9 10.8 NA NA 10.7 11.8 NA 9.2 NA NA 11.9 NA NA NA NA NA 10.2 14.2 NA NA
1 10.8 10.3 11.3 11.9 NA NA NA NA NA NA NA NA NA NA NA NA NA NA NA NA NA NA
2 10.1 10.3 12.3 NA 11.4 NA 11.2 12.6 12.7 12 12 12.3 NA NA NA NA NA NA NA NA NA NA
2 8.6 NA NA NA NA NA NA NA NA NA NA NA NA NA NA NA NA NA NA NA NA NA
1 8.4 11.2 11.3 12.7 NA 13.2 NA 12 NA 12.6 12.9 NA NA 12.9 11.7 NA NA 12.2 12.5 NA NA NA
2 10.2 10.9 10.6 11 10.9 11.1 11 11.7 12.5 NA 10.1 NA NA 10.8 NA 10.5 12.2 11.8 11 NA NA NA
1 8.7 11 11.8 9.2 10.7 NA NA NA NA NA NA NA NA NA NA NA NA NA NA NA NA NA
2 10.8 11.6 12.3 12.2 13.3 14.2 13.8 13.2 NA 13.4 12.9 NA 12.9 12.4 NA 12.9 NA 12.8 NA 12.7 NA NA
1 11.4 10.9 10.6 9.6 10.2 9.6 11.1 11 10.8 10.9 11.3 12.6 12.2 12 NA 12.7 12.4 12 11.7 11.3 11 12.1
2 9.6 10.2 10.5 10.8 11.6 11.3 12 11.5 11.9 10.1 11 12 11.6 10.2 10 9.1 9.7 8.5 8.6 NA NA NA
2 11.2 11.1 11.3 12.3 NA NA 13.3 13.6 13.1 12.6 NA NA NA 12.3 NA NA 12.2 NA 10 11.9 NA NA
1 10.8 11.8 11.6 11.9 12 13.6 13.3 13.5 12.3 12.5 12.3 NA 11.5 12.2 12.7 12.4 13 13.2 12.9 12.9 13.2 14.3
2 11.1 NA 10.8 10.4 10.8 10.6 NA 10 12.1 10.9 9.8 11 NA 10.6 9.9 10.2 10.8 NA 9.7 NA NA NA
1 8.4 10.6 11.8 12.6 13.1 13.5 NA NA NA NA NA NA NA NA NA NA NA NA NA NA NA NA
1 9.2 9 9.6 NA 9.3 NA NA NA 10.6 NA NA NA 10.4 NA NA NA 9.4 NA NA 10 NA NA
2 9.3 11.9 12.4 NA 13 12.5 12.2 NA 13 13.7 NA NA 13.1 13 13 11.4 12.6 7 12.3 NA NA NA
1 10.2 NA 9.8 NA NA NA NA NA 16.4 18.1 15.9 17.8 15.9 15.3 14.8 14.1 NA NA NA 10.5 NA 12.9
2 10.6 10.7 10.5 10.9 NA NA 10.7 10.5 NA 10.9 NA 9.7 NA 9.3 NA 10.3 NA NA 12.4 NA NA NA
1 9.8 10.1 10.6 10.4 11.4 12.2 12.2 11.4 12.2 13.4 13.1 13.4 12.4 12.4 12.3 13.4 13.5 NA 13.1 13.3 12.7 NA
2 10.1 11.5 12 12.4 9.7 10 10.1 NA NA 10.5 NA NA 10.3 NA NA NA NA 12.4 NA NA NA 9
1 9.4 8.4 8.6 10.5 9.6 8.4 3.7 10.7 10.6 10.7 10.9 11.5 9.1 10.4 10.7 10.9 NA NA NA NA NA NA
1 10.8 9 9.8 11.2 10.1 10.9 11.8 12.2 12.7 13.3 13.1 13.9 12.9 12.8 12.6 11 NA 12.4 NA NA NA NA
2 9.7 8.9 9.9 9.5 NA 10.3 10.1 8.5 8.9 10.4 10.5 NA 9.8 8.7 10.3 9.7 NA 9.5 9.3 NA NA 10.3
2 10.7 11.3 11.4 11.4 NA NA 11.7 12.1 NA 12 13.2 9.3 9.6 NA NA 11.3 NA NA 11.8 NA NA NA
1 9.5 10.4 10.2 10.8 12 12.8 13.4 13.2 13.3 13.3 13 13 NA 13.2 13.3 12.5 12.3 13.1 12.1 11.4 12.6 12.6
2 9.8 11.2 9.7 10.3 10.9 NA 10.5 10.1 9.4 8.7 8.9 9.5 10.6 10.3 9.2 9.6 NA NA NA NA NA NA
1 10.8 10.4 11.3 NA 12.4 NA 13.5 12.6 12.2 12 11.3 NA 10.6 10.5 9.6 11.4 9.9 NA 11.6 NA 11.8 10.2
2 9.8 9.5 9 NA 9.6 NA NA NA 9.7 NA NA NA 8.8 NA NA 12.3 NA NA 12.3 NA NA NA
1 9.6 8.8 13.7 12.7 10.5 10.5 NA NA 12.1 10.8 9.5 8.6 NA NA NA NA NA NA NA NA NA NA
2 8.8 9.2 9.4 NA NA NA NA 9.8 NA NA 10.6 NA NA 10.8 NA NA 11.4 NA NA 11.7 NA 12.5
2 10.2 9.9 10.1 10 11 NA 11.8 NA NA 12.4 NA NA 13 13.4 13.1 13.2 13.6 12.8 NA 12.3 NA NA
1 10.9 9.1 9.4 11.3 NA 10.1 10.5 11.7 NA 12.3 12.6 13.7 NA 12.1 11.5 13.1 NA NA 10 13.5 NA 12.2
1 10.3 10.5 9.4 10.4 NA NA 11.8 NA NA 13 13.6 13.8 12.4 13 12.8 12.3 12.1 11.9 NA NA NA NA
2 11.7 12.6 13.3 13.2 13.7 NA NA 13.8 NA NA 14.4 NA NA 14.9 NA NA 14.8 NA NA 13.8 NA NA
2 10.7 10.9 10.5 10.5 NA NA 10.7 NA NA 10 NA NA 9.6 NA NA NA NA NA NA NA NA NA
1 10.7 14.5 14.1 13.4 13.7 12.3 14.7 13.6 13.8 12.6 12.6 13.5 11.6 12.8 15.1 14.3 14.3 NA 14 NA NA NA
1 9.8 9.4 10 8.9 7.9 10.1 10.6 11.6 12.6 12.5 12.5 12.7 12.6 13.5 12.7 12.7 12.3 12.1 12 12.7 13 NA
2 10.1 9.2 8.8 11.3 NA 10.8 11.2 11.2 11.1 11.6 12.5 9.3 11 11.4 10.8 NA NA 11.1 NA NA NA NA
1 10.4 NA 11.1 10.6 11.2 12 11.2 11.5 NA 13.6 13.9 NA NA NA NA NA NA NA NA NA NA NA
2 10.6 11.9 12.2 12.3 12.7 12.8 12.5 12.8 13.6 NA 13 13.3 NA 12.9 12.7 13.3 13.6 NA NA NA NA NA
1 10.6 11 11 11.5 10.3 NA 11.9 NA NA 11.7 NA 11.5 12.4 NA 10.9 NA NA NA 11.9 NA NA NA
2 10.6 9.2 8.9 8.6 8.2 12.1 12 12.6 NA 12.2 NA NA 11.8 NA NA 12 NA NA 13.1 NA NA NA
2 11.5 12 9.4 10 8.2 8.4 8.9 6.4 6.1 NA NA NA NA NA NA NA NA NA NA NA NA NA
1 11.3 11 10.4 11.1 10.2 11.3 10.2 10.2 11 10.9 10.7 10.6 10.1 10.2 11.2 NA NA NA 13.8 12.6 11.9 13
2 9.4 7.9 10.1 11.1 NA NA 9.8 NA NA 10.2 NA NA 11.2 NA NA 10.4 NA NA 9.5 NA NA NA
2 10.7 11 11.2 12.1 NA NA 12.4 NA NA 12 NA NA 12.8 NA NA 12.4 NA NA 12.2 NA NA NA
1 10 10.5 11.1 11.5 11.4 11.2 NA 11 12.6 NA 13.4 13.6 12 NA NA 14.4 15 15.1 14.4 11.5 9.9 NA
1 10.3 NA 10.9 12.1 12.2 12.3 12.2 12.7 12.9 12.7 13.1 13.1 12.7 13.3 13.2 12.9 12.1 NA 11.2 11.8 11.9 12.6
2 9.5 10.5 10.1 10.8 13 11.9 11.4 12 12.5 11.4 11.2 10.4 10.4 9.8 9.6 9.8 9.3 NA NA 11 NA NA
1 10.9 12.3 12.3 12.8 13.2 13.2 13.1 12 12.3 13.4 13.2 13.4 12.4 12.1 11.6 10.9 11.7 12.3 12.9 12.4 12.6 12.8
1 10.1 10.1 10.6 11.1 11.7 11.5 11.2 NA 10.5 11.1 11.6 11.6 11.5 NA NA NA NA NA NA NA NA NA
2 10.3 10 10.9 11.1 11.4 10.8 NA NA NA NA 11.2 NA NA NA NA NA NA NA NA NA NA NA
2 9.6 9 9.1 10.5 11.4 10.9 12.5 12.9 12.3 12.5 12.4 NA NA NA NA NA NA NA NA NA NA NA
1 9.4 9.5 10.4 10 NA NA NA 12.9 NA NA 13.6 13.7 NA 14.1 14.1 14.4 13.9 14.2 13.3 12.8 13.6 NA
1 8.7 NA 9.1 9.1 NA 9 9.1 NA NA 11.4 NA NA 10.9 11.9 NA NA NA NA NA NA NA NA
2 10.9 11.3 12 11 NA NA NA NA 12.2 NA NA NA 12.1 NA NA 12.1 NA 12.5 12.4 NA NA NA
2 10.5 9.8 10.7 11.2 13.2 NA 14 13.7 14.1 13 13.6 13.1 12.9 12.8 12.2 12.1 12.3 11.6 12.1 NA NA NA
1 10.1 10.3 10.2 NA NA 13.1 12.3 12.2 12.1 11.4 NA 11.8 NA 12.1 NA NA NA NA NA NA NA NA
2 11.8 12 9.8 10.3 9.9 10.4 NA 10 9.9 9.7 10.1 9.8 10.3 NA NA 11.5 NA NA 12.6 NA NA NA
1 10.4 9.5 10.4 10.9 9.7 10.6 11.3 10.4 11.3 11.9 11.4 11.6 11.7 NA 11.7 10.9 11.3 11.3 12.9 13 14.2 NA
2 10 10.1 11.4 13.8 15.1 NA 12 12.4 12.7 NA NA NA NA NA NA NA NA NA NA NA NA NA
1 10.3 10.5 11.1 10.3 10.7 11.3 10.9 11.3 12.6 11.9 12.3 13.6 12.9 13.1 13 12.1 11.3 11.6 11.9 12.1 12.1 NA
2 10 9.5 9.6 NA NA NA 11.4 NA NA 11.5 NA NA 10 NA NA 10.8 NA NA 12.4 NA NA NA
1 9 10.2 13.4 11.8 11.6 11.9 10.5 NA NA NA NA NA NA NA NA NA NA NA NA NA NA NA
2 11.7 11.8 11.7 NA NA NA NA NA NA NA NA NA NA NA NA NA NA NA NA NA NA NA
2 10.8 9.8 9.9 11 11.3 NA 11.4 11.3 NA 11.8 12.5 NA 14 13.2 NA 13.5 13.3 12.9 12.8 NA NA NA
1 10.8 10.5 10.7 10.8 NA NA NA 11.4 10.9 11.5 10.7 11.4 12.5 NA NA 12 NA NA 11.6 12 NA NA
2 8.6 NA NA NA NA NA NA NA NA NA NA NA NA NA NA NA NA NA NA NA NA NA
1 9.7 9.3 7.7 10.3 10.1 9.5 9 NA NA NA NA NA NA NA NA NA NA NA NA NA NA NA
1 10.3 10.1 10 NA 11.6 NA 11.2 11.9 12.1 NA 12.3 11.5 NA 12 11 11.4 12 11.7 12.2 12 12.5 NA
2 10.6 13 14 14.7 NA NA NA NA NA NA NA NA NA NA NA NA NA NA NA NA NA NA
1 9.6 8.3 9 9.3 8.8 9.3 10.2 10.6 10.5 11.7 NA NA NA NA 12.6 13.4 13 13.1 12.3 12.4 12.5 NA
2 10.8 10.8 10.2 10.3 NA NA NA NA NA NA NA NA NA NA NA NA NA NA NA NA NA NA
1 10.6 11.3 12.2 13 NA NA NA NA NA NA NA NA NA NA NA NA NA NA NA NA NA NA
2 10 10.7 11 12.1 NA NA 12.6 NA NA 14 11.5 12.2 NA 12.4 11.4 NA NA 10.7 NA NA 11.2 NA
2 10 10.6 11 12.3 NA NA 14.4 13.4 13.4 13.4 12.6 12 11.8 NA NA 11.9 NA NA 10.9 NA NA 10.2
1 11.1 11.3 11.5 8.2 11.2 NA NA NA NA NA NA NA NA NA NA NA NA NA NA NA NA NA
2 10.7 10.7 11.6 11.5 12.4 NA 12.3 NA 13 13.1 12.8 NA 12.1 11.8 NA 12 11.7 NA 12.3 NA 12.5 NA
1 10.1 10.1 10.6 10.8 10.9 11.9 11.1 11.6 12.7 12.3 11.9 12.4 12.3 12.6 13.2 13 11.4 12.5 12.4 10.9 11.7 NA
1 10.8 11.3 11.3 10.4 11.5 12.5 11.9 11.8 11.9 12.9 12.2 12.3 NA 14.1 13.5 12.6 12.1 NA 12.4 11.3 12.7 11.4
2 10.5 9.4 9 8.8 NA NA NA 7.2 8.6 8.9 7.5 8.8 8.8 8.2 9.6 10.9 NA NA 9.4 NA 8.3 NA
2 9.4 NA NA NA NA 13 12.7 NA 11.9 11.5 NA NA NA NA NA NA NA NA NA NA NA NA
1 10.5 NA 10 9 7.5 11 10.2 9.4 11.8 NA 9.9 9.9 NA NA 7.8 10.4 NA NA 8.8 NA 7.7 11.3
2 11.3 11.5 12.1 12.5 12.5 14.5 NA 13.3 NA NA 11.5 NA NA 11.8 NA NA 11.4 NA NA 12.8 NA NA
1 10.9 11.3 12.4 NA 13.1 12.5 12.9 NA 12.6 12.4 13.2 12.6 12.9 12.4 12.7 12.4 12.5 12.1 12.1 12 12.4 NA
1 9.1 8 9.2 8.9 9.5 9 8.7 8 10.5 10.7 10 10.4 10.5 11.6 12.5 12.8 NA NA NA NA NA NA
2 9.8 10.6 10.5 11.6 NA NA 10.6 9.7 8.8 9.4 9.2 NA 8.8 8.7 NA 10.6 11.8 10.6 9.7 NA 10.4 NA
2 10.8 10.9 11.8 11.7 11.8 NA 11.5 NA 12.1 12.3 12.7 NA 13.2 13.4 13.2 12.9 12.4 12.4 12.7 NA NA NA
1 10.7 10.5 10.8 11.4 10.9 11.7 12.4 12.7 12.7 12.3 NA 12.1 12.2 12.4 11.5 12.8 14.2 13.8 13.8 13.9 14.1 13.2
2 10.5 10 10.4 11.3 11.6 11.6 12.6 NA NA 12 NA NA 11.8 12.1 NA 11.7 NA NA 12.9 NA NA NA
1 10 9.6 9.2 9.5 10.3 12 13.8 12.4 12.7 13.1 12.5 12.2 12.7 11.9 12 13.3 13.2 12.9 13 13.4 14 13.6
2 9.8 11.5 11 12 NA NA NA 13 NA NA 13.2 NA NA 13.5 NA NA 13.3 NA NA 14.2 NA NA
1 10.7 12 10.9 12 NA NA 11.8 NA NA 11.8 NA NA 12.3 NA NA 12.9 NA NA 13 NA NA NA
2 10.3 11.7 12.8 13.4 NA NA 13.8 NA NA 13.3 NA NA 13.5 NA NA 13.8 NA NA 12.1 NA NA NA
1 10.7 10.5 10.4 12.5 13.7 11.8 NA 13.9 12.5 NA 13.1 NA NA 12.7 11.7 9.1 9.1 9.2 7.1 11.5 14.2 NA